sele.5p <- c(
 "mmu-miR-27b-5p",
 "mmu-miR-141-5p",
 "mmu-miR-142a-5p",
 "mmu-miR-222-5p",
 "mmu-miR-300-5p",
 "mmu-miR-302d-5p",
 "mmu-miR-345-5p",
 "mmu-miR-335-5p",
 "mmu-miR-340-5p",
 "mmu-miR-370-5p",
 "mmu-miR-380-5p",
 "mmu-miR-411-5p",
 "mmu-miR-467e-5p",
 "mmu-miR-485-5p",
 "mmu-miR-494-5p",
 "mmu-miR-543-5p",
 "mmu-miR-669o-5p",
 "mmu-miR-679-5p",
 "mmu-miR-674-5p",
 "mmu-miR-1193-5p"
)
sele.3p <- c(
 "mmu-miR-7a-1-3p",
 "mmu-miR-30c-1-3p",
 "mmu-miR-126a-3p",
 "mmu-miR-140-3p",
 "mmu-miR-147-3p",
 "mmu-miR-224-3p",
 "mmu-miR-291b-3p",
 "mmu-miR-298-3p",
 "mmu-miR-322-3p",
 "mmu-miR-323-3p",
 "mmu-miR-363-3p",
 "mmu-miR-367-3p",
 "mmu-miR-378a-3p",
 "mmu-miR-409-3p",
 "mmu-miR-425-3p",
 "mmu-miR-450b-3p",
 "mmu-miR-455-3p",
 "mmu-miR-467a-3p",
 "mmu-miR-665-3p",
 "mmu-miR-668-3p"
)
